Problema_12-1

c=
 80 77 -88 -23 -81  39  57  82   7  65  26 -53 -48  42  0  0  0  0  0  0 

A=
   -96  -79   79  -69  -73   20   20   -4   62   17   64   22  -40   84    0    0    0    0    0    0
    77   55   44   37  -30  -93   15  -11  -86   53  -40   18  100  -20    0    0    0    0    0    0
    36   10  -58  -84  -22    4   67   73   -6  -50    1   96  -85   38    0    0    0    0    0    0
   -48  -61  -49   17  -87   95   48   48   44   99   17  -50   98  -44    0    0    0    0    0    0
    90   75   59   54   76   95   60   68   95   64   59   99   93   67    1    0    0    0    0    0
    29   94   73    1  -52  -71   98  -66   67   88  -67  -38   71  -88    0    1    0    0    0    0
    97   13  -35   75   96   -4   74   55  -50   76    1   65  -15   89    0    0    1    0    0    0
   -68  -93   71   71 -100   14   77   49   59  -57  -33   12   44   46    0    0    0   -1    0    0
   -24  -26   76   93  -12  -98  100   33   91    0  -78   80   38  -83    0    0    0    0   -1    0
    93   57   31   87   69   49  -76   -3  -23  -12   88   13  -95   88    0    0    0    0    0    1

b=
  7  119   20  127 1055  140  538   91  189  367 

z*=
  -469.3125

vb*=
  20  5 18 19  3 16 13 17 12  6 


Problema_12-2

c=
 -10  19 -21 -85 -19  12  30  48 -23  45  54  47  92 -89   0   0   0   0   0   0 

A=
    15   41   59   68  -89  -39   -7  -93   -9  -76   73   97  -70   73    0    0    0    0    0    0
    10   96   64  -79  -67  -76  -89  -48   25  -40   17   62   56   93    0    0    0    0    0    0
    66   21   -8   40  -98   -4   96   56  -42   64    0  -22  -62  -60    0    0    0    0    0    0
   -26  -47   99    5   45    6   75   54   79   25   -5  -98  -82  -56    0    0    0    0    0    0
   100   72   70   64  100   83   60   83   76   88   54   64   68   59    1    0    0    0    0    0
     4   83   43  -64   79  -51   77   35  -92  -88   30   37   53  -79    0    1    0    0    0    0
   -52  -10  -76   70  -88   78   21   36  -65   87  -39   92   45  -40    0    0   -1    0    0    0
   -70  -23   37  -72   40   24  -83   86    3   94   50   58   86  -10    0    0    0   -1    0    0
   -20    7   24   43   37  -19   72   81 -100  -21   33  -96   33   13    0    0    0    0    1    0
   -10   64   29   21  -34  -74   24   90   32   75    0   37   88   16    0    0    0    0    0    1

b=
  43   24   47   74 1042   68   58  219   88  359 


Problema_12-3

c=
 -100   -3   46   16    7  -15  -71   14  -17   25   82  -92   31  -19    0    0    0    0    0    0 

A=
  66 -36 -57  67  75  72  65 -64 -25 -77  63 -80 -94  27   0   0   0   0   0   0 
  23  63 -72  85  27  50  -3 -58  93  37  94  -6  50 -13   0   0   0   0   0   0 
  31  52  -7  52 -96  88  65 -44  27 -56 -39 -18  21  54   0   0   0   0   0   0 
  63  33   9  75 -78  58 -29 -12  -4  85  29  -6 -53  73   0   0   0   0   0   0 
 -19  46 -12  61  39 -47  47  58   6  42 -99   2  94  63  -1   0   0   0   0   0 
  59   6  35  88   9 -50 -53  15  38   7 -62  40  87  13   0  -1   0   0   0   0 
  45   8 -32   5  97 -37 -62 -31 -76  41  76 -35 -30  44   0   0   1   0   0   0 
  15  80  12  46  29  94  33  89  60  28  64  71  28  88   0   0   0   1   0   0 
  87   9  18  42  43  66   8  56  75  76  51  52   5   4   0   0   0   0   1   0 
  78 100  43  78   3  89  67  37  93  39  75  72   8  99   0   0   0   0   0   1

b=
  2 370 130 243 280 231  14  50  12  44 


Problema_12-3

c=
 -81 -51 -57 -91  -9 -76 -19 -72 -86 -33 -89 -30 -78 -45   0   0   0   0   0   0   0   0    0    0 

A=
 43 77 74 73 12 38 55 86 82 88 55 91 28 19 -1  0  0  0  0  0  0  0  0  0 
 41 90 77 28 99 31 53 26 56 13 92 86 94 88  0 -1  0  0  0  0  0  0  0  0 
  3 67 98 32 38 53 64 73 14 62 36 23  7 87  0  0 -1  0  0  0  0  0  0  0 
 79 94  5  6 89 53 80 28 82 25 27 35 80 20  0  0  0 -1  0  0  0  0  0  0 
 92 84  3 42 16 76 88  2 60 58 90 53 93 94  0  0  0  0 -1  0  0  0  0  0 
 28 17 57 23 91 65 34 56 73 91 41 91 46 69  0  0  0  0  0 -1  0  0  0  0 
 15 97 81 82 63 91 91 74 84 77 88 47 58 77  0  0  0  0  0  0 -1  0  0  0 
 56 35 11 14 33 73 64 25 98 13 17 28 64 11  0  0  0  0  0  0  0 -1  0  0 
 23  3 31 70 55 53 92 88 21 84 98 38 38 60  0  0  0  0  0  0  0  0 -1  0 
 34 82 17 16 31 31 56 75 61 61  8 92 72  3  0  0  0  0  0  0  0  0  0 -1 

b=
  820  873  656  702  850  781 1024  541  753  638 


Problema_49-1

c=
 32 -65  95 -29  56 -69  24   3 -42 -52  22  45  87 -83   0   0   0   0   0   0 

A=
 -66  -3 -73  13  15  31 -96 -26  85 -44  81  81  49  94   0   0   0   0   0   0 
  -9  29 -51  11 -67  50  24 -86  65  83  37  42 -26 -94   0   0   0   0   0   0 
  95  31 -12  88 -14  17  52  51 -12 -91  78 -46 -55  84   0   0   0   0   0   0 
 -85  27  56  91 -65  51  40  96 -20 -90  61  87 -98 -56   0   0   0   0   0   0 
  89  87  79  97  80  53  74  93  61  64  77  88  54  91   1   0   0   0   0   0 
 -17 -12  66  99  43  86  75  36  30 -45 -89  46 -42 -91   0  -1   0   0   0   0 
  82  78  90 -46   1  77  -1 -68 -34  22 -37 -70 100  25   0   0  -1   0   0   0 
  46 -52  46  27 -86 -46  54 -83 -19  75  68  79  85 -52   0   0   0   1   0   0 
  10 -61  37 -25 -93 -25  61  43  79  84  26   3 -72  49   0   0   0   0   1   0 
 -55 -64  10   4  -9  93  31  48 -66 -16  16  -4  79   1   0   0   0   0   0   1 

b=
  141    8  266   95 1088  184  218  143  117   69 

z*=
  -587.0941 

vb*=
  18  7  6 10 17  5 14 19  8  2 


Problema_49-2

c=
  -58  78 -39 -91  82 -96 -39 -67 -72 -72  50 -56  26 -13   0   0   0   0   0   0

A=
 -54  77 100  24 -54 -12  83 -78  63 -62  19   1  61 -14   0   0   0   0   0   0 
  78  15  57   5  37  46 -50  56   4  96  14  86 -71 -57   0   0   0   0   0   0 
  29 -16 -98 -72  62  25  23  68  24 -40  79  72  87  17   0   0   0   0   0   0 
  11  66  -6  96  23  86  47  42 -58  49 -49 -34 -87 -44   0   0   0   0   0   0 
  99  84  81  56  53  50  74  57  51  79  72  95  80  83   1   0   0   0   0   0 
  -8   1  69  73  88 -66 -96  29  12  70 -15  29  24 -65   0   1   0   0   0   0 
 -74  81 -21 -66 -27 -14  94  23  52 -16 -39  87 -71  38   0   0  -1   0   0   0 
  12  79  80   5 -61 -92  49  81   1 -76 -51  33   7   4   0   0   0   1   0   0 
  34  80  64  90  68 -95   4  44 -34 -63 -17  13   1  21   0   0   0   0  -1   0 
  -7  57  -8  62 -89  30  70  60  11 -71  36 -20 -97  35   0   0   0   0   0  -1 

b=
  154  316  260  142 1015  146   46   72  209   68


Problema_49-3

c=
  53  20  28  46 -57 -87  97 100 -66 -56  42   6 -35  57   0   0   0   0   0   0 

A=
 -27 -22 -60  91  38  -8  64 -14  98  69 -93  46  31 -92   0   0   0   0   0   0 
 -74  49  10  15   6 -86  19  -7  61  44  -3  70 -54  47   0   0   0   0   0   0 
 -39 -96  84 -44  13 -15 -33  78 -60  81  85  33 -27  66   0   0   0   0   0   0 
 100 -50 -47  56  75 -10 -20 -33 -48  12  17  84 -57  44   0   0   0   0   0   0 
  21  35  99   1 -43 -71  57  22  34  -8   8  19 -63  95   1   0   0   0   0   0 
 -71 -11  50  58 -83 -93  38  40 -77  69  92  14 -44  90   0   1   0   0   0   0 
  31 -80 -74  89 -27  60  43 -46   6 -30  89  29  33  26   0   0   1   0   0   0 
  66  37  29  30  92   6  36  90  95  59  17   9  23  60   0   0   0   1   0   0 
  47  97  55   7  55  71  31  57  56  46  34  97  57   3   0   0   0   0   1   0 
  28  81   7  95   5  12   4  62  92  84  78  24   0  32   0   0   0   0   0   1 

b=
  121  97 126 123 207  73 150   9 100  56 


Problema_49-4

c=
 -21 -19 -52 -38 -55 -97 -90  -6  -3 -89 -72  -1 -29 -50   0   0   0   0   0   0   0   0   0   0 

A=
  79  98  85  72  68  17   5  70  27   5   4  28  27  16  -1   0   0   0   0   0   0   0   0   0
  90  44  33  23  16  15  17  36  52  85  34  74  69  49   0  -1   0   0   0   0   0   0   0   0
  88  26  45  22  87  13  26  42  54  68  49  21  73  91   0   0  -1   0   0   0   0   0   0   0
  77   6   5  56  66  38  17  26  65  67  46  22  99  68   0   0   0  -1   0   0   0   0   0   0
  25  10  58  89  11   5 100  12  44  10  73  48  45  99   0   0   0   0  -1   0   0   0   0   0
  96  16  98  71  29  63   7  27  30  67  53  15  15  17   0   0   0   0   0  -1   0   0   0   0
  78  55  80  63  48  25  99  96  82  88  72  44  88  85   0   0   0   0   0   0  -1   0   0   0
  40  23 100  20  73  52  64  70  50  43  33   5  19  39   0   0   0   0   0   0   0  -1   0   0
  68  52  52  46  22  67   6  13  91  33  81   0  85  61   0   0   0   0   0   0   0   0  -1   0
  64  38  95  72  61  67  65  32  81   0  92  91  89  18   0   0   0   0   0   0   0   0   0  -1

b=
  600  636  704  657  628  603 1002  630  676  864 



